00000000000000000000000000000000000000000000000000
00000000000000000000000000000010000000000000000000
00000010000000000000000000000000000000000000000000
01000000000000000001000000000000000000000000000000
00000000000000000000000000000000000000000000000001
00000000000000000000000001000000000000000000000000
00000000000000000000000100000000010000001000000000
00000000000000000000000000000000000000000000000000
00000000000000010000000000000000000000000000010000
00000000000000000000000000010000000010000000000000
00000000000000000000000000000000000000000000000000
00000000000000000010000000000000000000000010000000
00000000000000000000100100010000000000000000000000
00000001000000000000000000100000000000100000000000
00000000000000000100000000001000000000000000000000
00000000000000000000100000000000000000010000000000
00000000000000000000000000000000000000000000000000
01000010000000000000000000000100000100000010000000
00000000000000000000000000001000000000000000010000
00000000000000000100000010000000000000000000000000
00000000000000000010000000000000000000000000000000
00000100000000000001000000000000000000000000000000
00000000100000000000000000000000000010000000000000
00000000000000000000000000000000000000000000000000
00000000000000100000010000000000000000000000010000
00000001000000000000000000000000000000000000000000
00001000000000000010000000001000000010000000000000
00000000000000010000000000000000000000000000000000
00000000000000000000010000000100000000000000000000
00100000000000000000000100000000000001100000000000
00000000000000000000000000000000000000000000000000
00000000000000000100000001000000000000000000000000
01000000001000000000000000000110000000000000010000
00000000000000000000000000000000000010000000000000
00000000000000100000000000011000000001000000000000
00000000000000000000000000000000000000000001000000
00000100000000010000000000000000000000000110000000
00000010100000000000000000001000000000000000000000
00000000000000000000000000000000001000000000000000
00000000000010000000000000000000000000000000000000
00000000010000000000000000100100000000000000000001
10000000000000000000000000000010000000000000000000
00000000000000000000000000000000000000000000000000
10000010000101000000000000000000000100000100000000
00000000000000000001000000000000000000010000000000
00000000000000000000100000000000000000000000000000
01000000000000000000000100000101000000000000000000
00110000000000000000010000000000000000000000000000
00000000000000000000000010000000000000000000000000
00000000000000000000010000000000000000000000000000
