00000010000000000000
00000000000000000001
00010101001000000010
00000010001100000000
00000001000000010100
00000100000000000000
00000010010010000000
01000000110000010000
00001000000000000000
01100001000001000000
00000000000000000001
10100000100000000000
10000000000000001000
00000010000000011100
00001001000000000011
00000000001000000000
01000100100001000010
00100000000000010000
00001000000000000000
00000000000010000000
00000010000000000000
00000000000000000001
00010101001000000010
00000010001100000000
00000001000000010100
00000100000000000000
00000010010010000000
01000000110000010000
00001000000000000000
01100001000001000000
00000000000000000001
10100000100000000000
10000000000000001000
00000010000000011100
00001001000000000011
00000000001000000000
01000100100001000010
00100000000000010000
00001000000000000000
00000000000010000000
